type	latitude	longitude	altitude (ft)	name	desc	url
T	40.769660000	-77.755250000	1337.0	Tussey Mountainback 50		https://www.strava.com/routes/3402377033517200272
T	40.769170000	-77.755445001	1339.4			
T	40.768680000	-77.755640000	1340.7			
T	40.768170000	-77.755950000	1338.2			
T	40.767500000	-77.756210000	1334.1			
T	40.766970000	-77.756440002	1331.4			
T	40.766440000	-77.756670000	1328.0			
T	40.766170000	-77.756730000	1326.6			
T	40.766160000	-77.756730000	1326.6			
T	40.765460000	-77.756790000	1326.4			
T	40.765300000	-77.756780000	1326.5			
T	40.765190000	-77.756720000	1326.7			
T	40.764900000	-77.756320000	1330.6			
T	40.764640000	-77.756090000	1337.2			
T	40.764500000	-77.756000000	1340.0			
T	40.764090000	-77.755840000	1348.6			
T	40.763590000	-77.755714999	1354.7			
T	40.763090000	-77.755590000	1364.7			
T	40.762840000	-77.755500000	1369.8			
T	40.762800000	-77.755420000	1369.8			
T	40.762730000	-77.754800000	1377.1			
T	40.762740000	-77.754550000	1381.0			
T	40.762830000	-77.754170000	1385.3			
T	40.763020002	-77.753545002	1391.0			
T	40.763210000	-77.752920000	1400.6			
T	40.763230000	-77.752690000	1402.2			
T	40.763210000	-77.752590000	1402.4			
T	40.763060000	-77.752150000	1403.0			
T	40.763050000	-77.752030000	1403.8			
T	40.762910000	-77.751840000	1403.6			
T	40.762720000	-77.751700000	1405.3			
T	40.762640000	-77.751700000	1407.3			
T	40.762600000	-77.751710000	1407.3			
T	40.762540000	-77.751790000	1408.4			
T	40.762470000	-77.751930000	1413.5			
T	40.762470000	-77.751940000	1413.5			
T	40.762450000	-77.752020000	1414.3			
T	40.762420000	-77.752240000	1419.1			
T	40.762480000	-77.752880000	1426.4			
T	40.762430000	-77.753490000	1434.3			
T	40.762350000	-77.753820000	1441.5			
T	40.762210000	-77.754260000	1450.6			
T	40.762120000	-77.754830000	1456.3			
T	40.762100000	-77.754880000	1456.3			
T	40.762040000	-77.754930000	1458.1			
T	40.761640000	-77.755290000	1466.9			
T	40.761530000	-77.755510000	1470.7			
T	40.761330000	-77.756260000	1480.9			
T	40.761320000	-77.756340000	1480.9			
T	40.761320000	-77.756350000	1481.1			
T	40.761300000	-77.756850000	1490.5			
T	40.761270000	-77.756940000	1490.5			
T	40.760930000	-77.757610000	1502.8			
T	40.760470000	-77.758420000	1515.2			
T	40.760420000	-77.758520000	1515.2			
T	40.760320000	-77.758830000	1520.3			
T	40.760260000	-77.759100000	1526.2			
T	40.760270000	-77.759580000	1532.8			
T	40.760230000	-77.759670000	1535.4			
T	40.760180000	-77.759660000	1535.4			
T	40.760160000	-77.759630000	1536.6			
T	40.760150000	-77.759540000	1536.6			
T	40.760230000	-77.759000000	1542.5			
T	40.760290000	-77.758730000	1544.9			
T	40.760390000	-77.758020000	1552.9			
T	40.760450000	-77.757870000	1554.3			
T	40.760750000	-77.757390000	1564.1			
T	40.760950000	-77.757040000	1568.2			
T	40.760990000	-77.756850000	1568.2			
T	40.760930000	-77.756450000	1572.5			
T	40.760870000	-77.756260000	1574.2			
T	40.760570000	-77.755330000	1584.9			
T	40.760480000	-77.755150000	1587.6			
T	40.760230000	-77.754740000	1593.0			
T	40.759710000	-77.753970000	1606.4			
T	40.759560000	-77.753860000	1610.4			
T	40.759500000	-77.753860000	1610.4			
T	40.759410000	-77.753930000	1617.7			
T	40.759380000	-77.754110000	1620.0			
T	40.759405003	-77.754875000	1632.5			
T	40.759430000	-77.755640000	1642.8			
T	40.759350000	-77.756300000	1652.9			
T	40.759350000	-77.756310000	1652.9			
T	40.759220000	-77.756840000	1660.2			
T	40.759020000	-77.757340000	1670.3			
T	40.758710000	-77.758240000	1682.9			
T	40.758310000	-77.759000000	1695.8			
T	40.757960000	-77.759940000	1712.3			
T	40.757560000	-77.760710000	1725.3			
T	40.757390000	-77.761110000	1735.0			
T	40.757140000	-77.761990000	1746.1			
T	40.756660000	-77.762810000	1762.2			
T	40.756110000	-77.763700000	1779.0			
T	40.755800000	-77.764270000	1787.4			
T	40.755790000	-77.764290000	1787.7			
T	40.755480000	-77.764860000	1799.1			
T	40.754900000	-77.765670000	1810.4			
T	40.754740000	-77.765990000	1823.8			
T	40.754410000	-77.766920000	1839.1			
T	40.754040000	-77.767810000	1850.8			
T	40.753800000	-77.768450000	1863.5			
T	40.753730000	-77.768670000	1865.2			
T	40.753680000	-77.768940000	1871.0			
T	40.753470000	-77.769610000	1880.7			
T	40.753130000	-77.770280000	1890.5			
T	40.752980000	-77.770640000	1897.0			
T	40.752650000	-77.771220000	1905.8			
T	40.752340001	-77.771690002	1915.8			
T	40.752030000	-77.772160000	1926.0			
T	40.751510000	-77.772780000	1939.8			
T	40.751330000	-77.772970000	1941.7			
T	40.751090000	-77.773280000	1946.9			
T	40.750980000	-77.773460000	1954.5			
T	40.750850000	-77.773780000	1954.5			
T	40.750660000	-77.774140000	1962.6			
T	40.750110000	-77.775030000	1980.1			
T	40.750110000	-77.775040000	1980.4			
T	40.749770000	-77.775600000	1990.3			
T	40.749660000	-77.775920000	1998.0			
T	40.749510000	-77.776290000	2003.3			
T	40.749380000	-77.776560000	2008.9			
T	40.749130000	-77.777270000	2020.9			
T	40.749040000	-77.777680000	2028.4			
T	40.748800000	-77.778520000	2046.7			
T	40.748760000	-77.778880000	2049.7			
T	40.748740000	-77.778920000	2051.1			
T	40.748670000	-77.778920000	2053.3			
T	40.748640000	-77.778790000	2054.5			
T	40.748710000	-77.778340000	2066.0			
T	40.748710000	-77.777720000	2081.4			
T	40.748650000	-77.777010000	2094.4			
T	40.748600000	-77.776640000	2099.0			
T	40.748510000	-77.776200000	2103.2			
T	40.748350000	-77.775820000	2108.0			
T	40.748270000	-77.775690000	2108.2			
T	40.748070000	-77.775480000	2105.5			
T	40.748020000	-77.775350000	2102.1			
T	40.748000000	-77.775250000	2102.1			
T	40.748040000	-77.774810000	2096.1			
T	40.748180000	-77.774180000	2089.9			
T	40.748560000	-77.773150000	2072.7			
T	40.748680000	-77.772690000	2065.6			
T	40.748690000	-77.772470000	2063.8			
T	40.748650000	-77.772040000	2061.2			
T	40.748540000	-77.771580000	2055.0			
T	40.748480000	-77.771090000	2047.0			
T	40.748460000	-77.770780000	2042.1			
T	40.748440000	-77.769710000	2025.9			
T	40.748410000	-77.769430000	2025.9			
T	40.748390000	-77.768810000	2017.0			
T	40.748330000	-77.768500000	2013.3			
T	40.748250000	-77.768310000	2012.4			
T	40.748100000	-77.768140000	2013.1			
T	40.747850000	-77.768120000	2013.1			
T	40.747740000	-77.768230000	2012.0			
T	40.747690000	-77.768320000	2012.0			
T	40.747640000	-77.768490000	2008.4			
T	40.747550000	-77.769000000	2000.7			
T	40.747470000	-77.769340000	1992.6			
T	40.747130000	-77.770290000	1979.1			
T	40.747050000	-77.770460000	1977.3			
T	40.746870000	-77.770740000	1968.8			
T	40.746530000	-77.771180000	1963.0			
T	40.746100000	-77.771990000	1948.2			
T	40.746010000	-77.772120000	1945.9			
T	40.745790000	-77.772390000	1938.8			
T	40.745290000	-77.772890000	1929.6			
T	40.745170000	-77.773060000	1923.1			
T	40.745010000	-77.773340000	1917.0			
T	40.744710000	-77.774270000	1895.6			
T	40.744510002	-77.775005002	1883.9			
T	40.744310000	-77.775740000	1869.7			
T	40.744160000	-77.776050000	1860.4			
T	40.743910000	-77.776470000	1852.3			
T	40.743900000	-77.776480000	1852.0			
T	40.743730000	-77.776780000	1843.3			
T	40.743600000	-77.777040000	1839.9			
T	40.743365001	-77.777585002	1825.2			
T	40.743130000	-77.778130000	1817.9			
T	40.742910000	-77.778930000	1805.6			
T	40.742795002	-77.779580001	1794.8			
T	40.742680000	-77.780230000	1784.3			
T	40.742520000	-77.780900000	1778.0			
T	40.742330000	-77.781510000	1772.1			
T	40.742090000	-77.782160000	1766.2			
T	40.741720003	-77.782980005	1752.9			
T	40.741350000	-77.783800000	1741.0			
T	40.741160000	-77.784300000	1730.2			
T	40.741010000	-77.784790000	1725.3			
T	40.740830000	-77.785470000	1714.5			
T	40.740760000	-77.785690000	1714.5			
T	40.740680000	-77.785870000	1712.4			
T	40.740270000	-77.786660000	1701.3			
T	40.739960000	-77.787120000	1691.9			
T	40.739480000	-77.787610000	1683.4			
T	40.739370000	-77.787750000	1682.3			
T	40.738980000	-77.788420000	1668.7			
T	40.738710000	-77.788760000	1664.9			
T	40.738410000	-77.789090000	1660.5			
T	40.738030000	-77.789400000	1657.5			
T	40.737950000	-77.789480000	1654.8			
T	40.737810000	-77.789670000	1652.4			
T	40.737750000	-77.789770000	1650.1			
T	40.737313342	-77.790763346	1639.7			
T	40.736876675	-77.791756680	1627.3			
T	40.736440000	-77.792750000	1614.4			
T	40.736100000	-77.793600000	1603.0			
T	40.735820000	-77.794230000	1598.9			
T	40.735350000	-77.795030000	1585.5			
T	40.735060000	-77.795670000	1573.6			
T	40.734850000	-77.796070000	1560.4			
T	40.734410000	-77.796790000	1549.2			
T	40.734280000	-77.797060000	1545.5			
T	40.734045001	-77.797640002	1538.5			
T	40.733810000	-77.798220000	1533.6			
T	40.733590000	-77.798680000	1528.0			
T	40.733260000	-77.799160000	1519.6			
T	40.733120000	-77.799430000	1517.0			
T	40.732970000	-77.799770000	1511.8			
T	40.732645004	-77.800720005	1501.0			
T	40.732320000	-77.801670000	1493.4			
T	40.732020000	-77.802380000	1488.8			
T	40.731660000	-77.802970000	1478.3			
T	40.731385001	-77.803485002	1471.3			
T	40.731110000	-77.804000000	1468.9			
T	40.730880000	-77.804810000	1464.1			
T	40.730640000	-77.805340000	1456.2			
T	40.730115004	-77.806255007	1441.6			
T	40.729590000	-77.807170000	1437.2			
T	40.729180000	-77.807750000	1434.8			
T	40.728786671	-77.808483342	1429.2			
T	40.728393338	-77.809216675	1419.5			
T	40.728000000	-77.809950000	1411.2			
T	40.727740001	-77.810560003	1402.2			
T	40.727480000	-77.811170000	1391.4			
T	40.727360000	-77.811560000	1386.0			
T	40.727260000	-77.812320000	1373.3			
T	40.726920003	-77.813170004	1356.6			
T	40.726580000	-77.814020000	1342.4			
T	40.726330000	-77.814730000	1333.5			
T	40.726100000	-77.815690000	1324.4			
T	40.725960000	-77.816130000	1315.8			
T	40.725830000	-77.816440000	1315.8			
T	40.725720000	-77.816660000	1311.2			
T	40.725340000	-77.817070000	1304.7			
T	40.725110000	-77.817430000	1301.5			
T	40.724770000	-77.818280000	1291.6			
T	40.724410000	-77.819040000	1285.0			
T	40.724040000	-77.819890000	1278.0			
T	40.723690000	-77.820260000	1272.8			
T	40.723390000	-77.820700000	1265.1			
T	40.723195001	-77.821280002	1258.8			
T	40.723000000	-77.821860000	1252.1			
T	40.722770000	-77.822400000	1247.0			
T	40.722620000	-77.822870000	1244.5			
T	40.722460000	-77.823160000	1241.4			
T	40.722085001	-77.823545002	1240.3			
T	40.721710000	-77.823930000	1238.8			
T	40.721480000	-77.824280000	1233.3			
T	40.721080004	-77.825220006	1228.2			
T	40.720680000	-77.826160000	1214.2			
T	40.720160009	-77.826884023	1207.6			
T	40.719640014	-77.827608034	1205.0			
T	40.719120014	-77.828332034	1197.8			
T	40.718600009	-77.829056023	1184.2			
T	40.718080000	-77.829780000	1171.3			
T	40.717610002	-77.830475005	1163.2			
T	40.717140000	-77.831170000	1153.9			
T	40.716730004	-77.832110006	1143.9			
T	40.716320000	-77.833050000	1136.8			
T	40.716070000	-77.833590000	1132.3			
T	40.715920000	-77.833860000	1130.3			
T	40.715770000	-77.834040000	1128.2			
T	40.715610000	-77.834120000	1127.3			
T	40.715130000	-77.834220000	1124.8			
T	40.714700000	-77.834210000	1124.6			
T	40.714440000	-77.834260000	1125.9			
T	40.714400000	-77.834280000	1125.9			
T	40.714390000	-77.834280000	1125.9			
T	40.713730000	-77.834620000	1125.8			
T	40.713140000	-77.834980000	1123.2			
T	40.712850000	-77.835200000	1121.5			
T	40.712470000	-77.835570000	1117.8			
T	40.712320000	-77.835780000	1115.2			
T	40.712210000	-77.836010000	1113.7			
T	40.711940000	-77.836720000	1105.7			
T	40.711652513	-77.837705013	1099.6			
T	40.711365017	-77.838690017	1096.0			
T	40.711077513	-77.839675013	1090.4			
T	40.710790000	-77.840660000	1085.4			
T	40.710600000	-77.841380000	1081.7			
T	40.710405001	-77.841960002	1079.2			
T	40.710210000	-77.842540000	1078.5			
T	40.709710008	-77.843480014	1072.5			
T	40.709210008	-77.844420014	1069.3			
T	40.708710000	-77.845360000	1065.9			
T	40.708510000	-77.845770000	1062.8			
T	40.708340000	-77.845950000	1061.7			
T	40.708100000	-77.845990000	1059.3			
T	40.707950000	-77.845990000	1059.3			
T	40.707670000	-77.845900000	1059.0			
T	40.707480000	-77.845730000	1059.2			
T	40.706900000	-77.845540000	1059.8			
T	40.706520000	-77.845320000	1060.4			
T	40.706130000	-77.845020000	1061.0			
T	40.705860000	-77.844830000	1061.0			
T	40.705570000	-77.844740000	1061.1			
T	40.704910000	-77.844660000	1061.8			
T	40.704680000	-77.844690000	1060.7			
T	40.704480000	-77.844770000	1059.3			
T	40.704170000	-77.845010000	1056.1			
T	40.703580008	-77.845708025	1051.2			
T	40.702990013	-77.846406037	1046.8			
T	40.702400013	-77.847104037	1044.8			
T	40.701810008	-77.847802025	1040.9			
T	40.701220000	-77.848500000	1043.6			
T	40.700490000	-77.849130000	1042.2			
T	40.700015000	-77.849465003	1040.8			
T	40.699540000	-77.849800000	1040.8			
T	40.698950000	-77.850240000	1040.7			
T	40.698740000	-77.850470000	1040.5			
T	40.698186672	-77.851246680	1036.1			
T	40.697633339	-77.852023346	1029.0			
T	40.697080000	-77.852800000	1021.3			
T	40.696660000	-77.853470000	1017.3			
T	40.696440000	-77.853690000	1016.2			
T	40.696030000	-77.853920000	1016.2			
T	40.695360000	-77.854460000	1017.7			
T	40.695060000	-77.854790000	1017.4			
T	40.694780000	-77.855040000	1016.0			
T	40.694310000	-77.855530000	1012.8			
T	40.693715002	-77.856200006	1015.0			
T	40.693120000	-77.856870000	1012.1			
T	40.692740000	-77.857040000	1013.7			
T	40.692130000	-77.857180001	1020.4			
T	40.691520000	-77.857320000	1031.1			
T	40.691010001	-77.857815004	1031.2			
T	40.690500000	-77.858310000	1026.1			
T	40.690090000	-77.858610000	1021.0			
T	40.689620000	-77.858850000	1014.5			
T	40.689400000	-77.859060000	1015.2			
T	40.688740000	-77.859740000	1009.2			
T	40.688560000	-77.859870000	1011.2			
T	40.688260000	-77.859970000	1012.9			
T	40.687645000	-77.860080001	1022.6			
T	40.687030000	-77.860190000	1035.6			
T	40.686860000	-77.860270000	1037.5			
T	40.686640000	-77.860440000	1038.1			
T	40.686002006	-77.861006022	1033.7			
T	40.685364008	-77.861572033	1027.4			
T	40.684726008	-77.862138033	1024.7			
T	40.684088006	-77.862704022	1024.9			
T	40.683450000	-77.863270000	1029.4			
T	40.682990001	-77.863720003	1031.1			
T	40.682530000	-77.864170000	1033.0			
T	40.682670000	-77.864030000	1033.1			
T	40.682530000	-77.864170000	1033.0			
T	40.682580000	-77.865210000	1002.3			
T	40.682700000	-77.865100000	999.5			
T	40.682690000	-77.865100000	999.6			
T	40.683245001	-77.864590004	996.8			
T	40.683800000	-77.864080000	996.2			
T	40.684380000	-77.863640000	991.6			
T	40.684380000	-77.863650000	991.6			
T	40.685025001	-77.863195004	990.7			
T	40.685670000	-77.862740000	988.7			
T	40.685660000	-77.862740000	988.7			
T	40.685110001	-77.863126673	990.6			
T	40.684560001	-77.863513340	991.3			
T	40.684010000	-77.863900000	994.4			
T	40.683800000	-77.864080000	996.2			
T	40.683190001	-77.864645005	996.8			
T	40.682580000	-77.865210000	1002.3			
T	40.682550000	-77.864520000	1024.8			
T	40.682310000	-77.864380000	1033.3			
T	40.682070000	-77.864660000	1033.4			
T	40.681910000	-77.864900000	1032.2			
T	40.681910000	-77.864910000	1032.2			
T	40.681595001	-77.865475003	1025.1			
T	40.681280000	-77.866040000	1015.6			
T	40.680990000	-77.866470000	1012.6			
T	40.680620000	-77.866900000	1011.7			
T	40.680110000	-77.867340000	1013.8			
T	40.679780000	-77.867660000	1010.9			
T	40.679630000	-77.867850000	1007.2			
T	40.679310000	-77.868600000	988.9			
T	40.679160000	-77.868870000	985.9			
T	40.678660001	-77.869340004	985.9			
T	40.678160000	-77.869810000	988.1			
T	40.678130000	-77.869890000	988.1			
T	40.677760000	-77.869980000	993.0			
T	40.677020000	-77.869940000	1013.5			
T	40.676280000	-77.869760000	1033.2			
T	40.675405000	-77.869740000	1049.8			
T	40.674530000	-77.869720000	1077.2			
T	40.674320000	-77.869630000	1088.5			
T	40.674160000	-77.869400000	1092.5			
T	40.673985004	-77.868439997	1102.6			
T	40.673810000	-77.867480000	1118.5			
T	40.673810000	-77.867030000	1134.6			
T	40.673960000	-77.866540000	1145.0			
T	40.674250000	-77.866010000	1148.9			
T	40.674410000	-77.865790000	1145.5			
T	40.674530000	-77.865520000	1141.2			
T	40.674683339	-77.864683337	1132.2			
T	40.674836673	-77.863846671	1120.6			
T	40.674990000	-77.863010000	1104.8			
T	40.675110000	-77.862330000	1097.3			
T	40.675160000	-77.861840000	1094.8			
T	40.675210000	-77.860820000	1094.4			
T	40.675290000	-77.860400000	1098.2			
T	40.675450000	-77.859940000	1105.7			
T	40.675450000	-77.859950000	1105.7			
T	40.675630000	-77.859460000	1112.5			
T	40.675975002	-77.858705004	1121.6			
T	40.676320000	-77.857950000	1123.9			
T	40.676502511	-77.857022508	1116.2			
T	40.676685015	-77.856095010	1111.8			
T	40.676867511	-77.855167508	1099.5			
T	40.677050000	-77.854240000	1095.7			
T	40.677395003	-77.853385005	1100.3			
T	40.677740000	-77.852530000	1104.1			
T	40.677913343	-77.851463339	1107.5			
T	40.678086676	-77.850396672	1109.0			
T	40.678260000	-77.849330000	1110.7			
T	40.678310000	-77.848870000	1113.3			
T	40.678450000	-77.848100000	1129.0			
T	40.678590000	-77.847580000	1128.4			
T	40.678760000	-77.847120000	1124.1			
T	40.679030000	-77.846840000	1114.8			
T	40.679450001	-77.846550002	1105.2			
T	40.679870000	-77.846260000	1089.4			
T	40.680345002	-77.845650004	1087.2			
T	40.680820000	-77.845040000	1091.6			
T	40.681285001	-77.844625003	1098.6			
T	40.681750000	-77.844210000	1098.7			
T	40.681970000	-77.843890000	1093.5			
T	40.682355002	-77.843150004	1087.1			
T	40.682740000	-77.842410000	1085.7			
T	40.683080000	-77.841870000	1071.8			
T	40.683680002	-77.841135007	1050.0			
T	40.684280000	-77.840400000	1044.4			
T	40.684400000	-77.840080000	1041.5			
T	40.684400000	-77.839890000	1040.4			
T	40.684410000	-77.839720000	1040.1			
T	40.684225002	-77.839114999	1042.6			
T	40.684040000	-77.838510000	1045.3			
T	40.684080000	-77.838200000	1047.8			
T	40.684140000	-77.838020000	1050.0			
T	40.684430000	-77.837530000	1056.3			
T	40.684895001	-77.836945004	1064.3			
T	40.685360000	-77.836360000	1070.9			
T	40.685860000	-77.835430000	1084.7			
T	40.686130000	-77.834620000	1097.0			
T	40.686565002	-77.834005004	1105.1			
T	40.687000000	-77.833390000	1110.9			
T	40.687040000	-77.833140000	1116.1			
T	40.687400000	-77.832200000	1137.5			
T	40.687770000	-77.831440000	1149.7			
T	40.688090000	-77.830860000	1163.9			
T	40.688375001	-77.830395002	1176.2			
T	40.688660000	-77.829930000	1191.8			
T	40.689290000	-77.829240000	1211.5			
T	40.689695001	-77.828705003	1222.9			
T	40.690100000	-77.828170000	1240.4			
T	40.690530002	-77.827545004	1263.4			
T	40.690960000	-77.826920000	1284.5			
T	40.691140000	-77.826610000	1292.5			
T	40.691480000	-77.825890000	1314.3			
T	40.691820000	-77.825350000	1326.6			
T	40.692180001	-77.824835003	1343.5			
T	40.692540000	-77.824320000	1353.5			
T	40.693006670	-77.823736675	1369.7			
T	40.693473336	-77.823153341	1385.2			
T	40.693940000	-77.822570000	1403.0			
T	40.694100000	-77.822310000	1414.2			
T	40.694320000	-77.821820000	1427.5			
T	40.694770000	-77.821100000	1446.2			
T	40.695130000	-77.820470000	1458.4			
T	40.695340000	-77.820150000	1470.3			
T	40.695750000	-77.819580000	1499.7			
T	40.695950000	-77.819230000	1512.3			
T	40.696250000	-77.818630000	1530.7			
T	40.696300000	-77.818460000	1533.8			
T	40.696330000	-77.818050000	1534.1			
T	40.696300000	-77.817070000	1512.9			
T	40.696400000	-77.816260000	1489.7			
T	40.696500000	-77.815820000	1476.2			
T	40.696570004	-77.814905001	1468.0			
T	40.696640000	-77.813990000	1476.6			
T	40.696650000	-77.813490000	1475.9			
T	40.696640000	-77.812640000	1467.1			
T	40.696655002	-77.811935001	1463.1			
T	40.696670000	-77.811230000	1456.3			
T	40.696673343	-77.810146667	1455.4			
T	40.696676677	-77.809063334	1440.0			
T	40.696680000	-77.807980000	1432.5			
T	40.696730000	-77.807090000	1419.2			
T	40.696830000	-77.806240000	1406.3			
T	40.696940000	-77.805510000	1401.8			
T	40.697175004	-77.804505003	1402.2			
T	40.697410000	-77.803500000	1409.9			
T	40.697565002	-77.802920001	1415.0			
T	40.697720000	-77.802340000	1420.0			
T	40.697720000	-77.802350000	1419.9			
T	40.697830000	-77.801940000	1428.1			
T	40.698120008	-77.800996675	1442.3			
T	40.698410008	-77.800053341	1454.2			
T	40.698700000	-77.799110000	1466.9			
T	40.698875002	-77.798425002	1473.7			
T	40.699050000	-77.797740000	1472.7			
T	40.699240000	-77.797190000	1478.6			
T	40.699350000	-77.796660000	1477.2			
T	40.699380000	-77.796440000	1476.8			
T	40.699350000	-77.796210000	1476.8			
T	40.699260000	-77.796070000	1477.0			
T	40.699140000	-77.795980000	1478.1			
T	40.698940000	-77.795970000	1478.3			
T	40.698780000	-77.795980000	1478.6			
T	40.698440000	-77.796070000	1476.5			
T	40.698000000	-77.796160000	1470.9			
T	40.697610000	-77.796300000	1467.3			
T	40.697390000	-77.796340000	1466.8			
T	40.696850000	-77.796650000	1469.6			
T	40.696530000	-77.796740000	1469.8			
T	40.696300000	-77.796740000	1471.3			
T	40.695870000	-77.796680000	1475.3			
T	40.695630000	-77.796560000	1475.9			
T	40.695490000	-77.796340000	1474.1			
T	40.695430000	-77.796160000	1472.3			
T	40.695380000	-77.795450000	1463.2			
T	40.695380000	-77.795130000	1460.0			
T	40.695420000	-77.794820000	1455.3			
T	40.695550000	-77.794360000	1445.3			
T	40.695740000	-77.793840000	1441.5			
T	40.696250000	-77.792890000	1431.2			
T	40.696490000	-77.792490000	1425.7			
T	40.696590000	-77.792360000	1422.4			
T	40.696850000	-77.791910000	1411.2			
T	40.697110000	-77.791280000	1405.7			
T	40.697290000	-77.790780000	1397.7			
T	40.697500000	-77.790250000	1393.6			
T	40.697776671	-77.789506673	1384.4			
T	40.698053338	-77.788763340	1374.0			
T	40.698330000	-77.788020000	1357.7			
T	40.698593338	-77.787293339	1350.8			
T	40.698856671	-77.786566672	1341.9			
T	40.699120000	-77.785840000	1328.2			
T	40.699120000	-77.785850000	1328.4			
T	40.699476674	-77.784906677	1318.2			
T	40.699833341	-77.783963343	1317.4			
T	40.700190000	-77.783020000	1315.7			
T	40.700320000	-77.782650000	1312.3			
T	40.700420000	-77.782290000	1311.5			
T	40.700530000	-77.781520000	1301.5			
T	40.700690000	-77.780890000	1292.7			
T	40.700820000	-77.780590000	1286.7			
T	40.701240000	-77.779960000	1269.4			
T	40.701520000	-77.779420000	1258.4			
T	40.701885004	-77.778400006	1250.4			
T	40.702250000	-77.777380000	1265.2			
T	40.702535002	-77.776650003	1258.0			
T	40.702820000	-77.775920000	1238.3			
T	40.702990000	-77.775300000	1229.9			
T	40.703240002	-77.774610003	1220.6			
T	40.703490000	-77.773920000	1213.5			
T	40.703810000	-77.773420000	1203.6			
T	40.704070000	-77.773100000	1198.8			
T	40.704240000	-77.772750000	1191.0			
T	40.704320000	-77.772390000	1184.4			
T	40.704350000	-77.772040000	1179.8			
T	40.704295002	-77.771339999	1175.3			
T	40.704240000	-77.770640000	1172.1			
T	40.704240000	-77.769970000	1171.4			
T	40.704310000	-77.769210000	1169.8			
T	40.704470000	-77.768230000	1179.0			
T	40.704670000	-77.767640000	1182.7			
T	40.705010004	-77.766700005	1173.3			
T	40.705350000	-77.765760000	1164.4			
T	40.705535001	-77.765200001	1170.3			
T	40.705720000	-77.764640000	1181.7			
T	40.705980000	-77.763960000	1179.4			
T	40.706160000	-77.763610000	1180.4			
T	40.706510000	-77.762990000	1190.4			
T	40.706970000	-77.762410000	1198.7			
T	40.707270000	-77.761960000	1196.7			
T	40.707700000	-77.761420000	1188.6			
T	40.707770000	-77.761240000	1187.1			
T	40.707800000	-77.761110000	1186.7			
T	40.707780000	-77.760930000	1185.5			
T	40.707750000	-77.760790000	1184.1			
T	40.707620000	-77.760440000	1183.3			
T	40.707530000	-77.760080000	1183.3			
T	40.707500000	-77.759050000	1172.0			
T	40.707020000	-77.759090000	1170.0			
T	40.706570000	-77.759220000	1173.3			
T	40.706330000	-77.759320000	1176.3			
T	40.706210000	-77.759410000	1176.9			
T	40.705950000	-77.759670000	1174.0			
T	40.705480000	-77.760020000	1164.5			
T	40.704900000	-77.760260000	1152.4			
T	40.704590000	-77.760350000	1153.9			
T	40.704340000	-77.760390000	1154.5			
T	40.703830000	-77.760570000	1154.0			
T	40.703460000	-77.760780000	1153.5			
T	40.702820000	-77.761150000	1154.6			
T	40.702270000	-77.761610000	1154.5			
T	40.702040000	-77.761910000	1151.6			
T	40.701700002	-77.762580003	1139.9			
T	40.701360000	-77.763250000	1126.2			
T	40.700940002	-77.763950005	1114.8			
T	40.700520000	-77.764650000	1103.5			
T	40.700010000	-77.765450000	1089.6			
T	40.699640000	-77.765980000	1092.7			
T	40.699330001	-77.766450002	1092.0			
T	40.699020000	-77.766920000	1085.0			
T	40.699020000	-77.766930000	1084.5			
T	40.698710000	-77.767410000	1076.5			
T	40.698450000	-77.767730000	1072.2			
T	40.698090000	-77.768270000	1067.1			
T	40.697590000	-77.769120000	1049.8			
T	40.697480000	-77.769250000	1046.0			
T	40.697360000	-77.769340000	1036.0			
T	40.697270000	-77.769390000	1036.0			
T	40.697190000	-77.769390000	1036.0			
T	40.696990000	-77.769300000	1027.9			
T	40.696880000	-77.769140000	1024.3			
T	40.696840000	-77.768770000	1019.8			
T	40.696710000	-77.768180000	1017.0			
T	40.696660000	-77.768050000	1016.2			
T	40.696510000	-77.767950000	1014.9			
T	40.696040000	-77.767690000	1008.6			
T	40.695810000	-77.767510000	1004.7			
T	40.695540000	-77.767370000	1002.3			
T	40.695440000	-77.767370000	999.9			
T	40.695290000	-77.767410000	999.0			
T	40.695360000	-77.767230000	995.9			
T	40.695570000	-77.766260000	989.1			
T	40.695600000	-77.765680000	986.0			
T	40.695590000	-77.765220000	987.6			
T	40.695640000	-77.765050000	989.4			
T	40.695720000	-77.764870000	991.0			
T	40.695800000	-77.764780000	991.0			
T	40.695910000	-77.764550000	992.7			
T	40.695960000	-77.764320000	994.1			
T	40.695970000	-77.764110000	996.5			
T	40.695970000	-77.763930000	997.9			
T	40.695920000	-77.763400000	1000.1			
T	40.695840000	-77.763040000	1000.7			
T	40.695650000	-77.762540000	1002.7			
T	40.695610000	-77.762360000	1002.7			
T	40.695580000	-77.761920000	1004.2			
T	40.695610000	-77.761280000	1007.9			
T	40.695650000	-77.760930000	1008.7			
T	40.695680000	-77.760300000	1010.9			
T	40.695680000	-77.759850000	1011.4			
T	40.695720000	-77.758820000	1012.0			
T	40.695680000	-77.758390000	1011.7			
T	40.695700000	-77.758080000	1012.5			
T	40.695580000	-77.758050000	1011.4			
T	40.695230000	-77.757830000	1005.5			
T	40.694780000	-77.757650000	1006.1			
T	40.694640000	-77.757530000	1007.4			
T	40.694540000	-77.757300000	1014.5			
T	40.694440000	-77.756980000	1021.8			
T	40.694350000	-77.756530000	1029.4			
T	40.694230000	-77.755770000	1049.5			
T	40.694070000	-77.754970000	1082.9			
T	40.693890000	-77.754380000	1103.5			
T	40.693800000	-77.753940000	1116.3			
T	40.693610000	-77.753310000	1141.2			
T	40.693600000	-77.753080000	1147.3			
T	40.693620000	-77.752910000	1151.1			
T	40.693930000	-77.752330000	1169.3			
T	40.694030000	-77.752060000	1177.6			
T	40.694160000	-77.751580000	1188.1			
T	40.694230000	-77.751210000	1197.2			
T	40.694260000	-77.750450000	1217.7			
T	40.694300000	-77.750180000	1224.3			
T	40.694390000	-77.749860000	1229.5			
T	40.694715002	-77.749195003	1236.2			
T	40.695040000	-77.748530000	1243.9			
T	40.695200000	-77.748250000	1246.2			
T	40.695290000	-77.747940000	1246.2			
T	40.695380000	-77.747720000	1247.9			
T	40.695440000	-77.747410000	1249.4			
T	40.695440000	-77.747040000	1253.7			
T	40.695390000	-77.746680000	1256.3			
T	40.695380000	-77.746330000	1262.7			
T	40.695470000	-77.745970000	1271.7			
T	40.695570000	-77.745660000	1278.4			
T	40.695710000	-77.745350000	1289.4			
T	40.695760000	-77.745200000	1293.2			
T	40.695730000	-77.745080000	1296.6			
T	40.695620000	-77.744950000	1301.4			
T	40.695370000	-77.744900000	1307.5			
T	40.694720000	-77.744829999	1332.3			
T	40.694070000	-77.744760000	1348.2			
T	40.693320000	-77.744720000	1368.6			
T	40.692980000	-77.744720000	1380.0			
T	40.692365000	-77.744765000	1401.5			
T	40.691750000	-77.744810000	1419.3			
T	40.691570000	-77.744900000	1428.1			
T	40.691090001	-77.745280003	1445.8			
T	40.690610000	-77.745660000	1460.4			
T	40.690270000	-77.745880000	1475.0			
T	40.689690000	-77.746060000	1492.6			
T	40.689130000	-77.746510000	1513.0			
T	40.688475001	-77.746935004	1532.0			
T	40.687820000	-77.747360000	1560.9			
T	40.687600000	-77.747630000	1570.6			
T	40.687095001	-77.748010003	1589.9			
T	40.686590000	-77.748390000	1608.8			
T	40.686170001	-77.748655002	1627.2			
T	40.685750000	-77.748920000	1641.0			
T	40.685720000	-77.748970000	1641.0			
T	40.685680000	-77.749680000	1660.1			
T	40.685620000	-77.749870000	1665.6			
T	40.685280000	-77.750550000	1680.9			
T	40.684920000	-77.751040000	1693.6			
T	40.684560000	-77.751660000	1716.0			
T	40.684300000	-77.752030000	1730.4			
T	40.684290000	-77.752030000	1730.8			
T	40.683950000	-77.752520000	1748.1			
T	40.683690000	-77.752820000	1755.7			
T	40.683400000	-77.753080000	1765.7			
T	40.683050000	-77.753530000	1786.3			
T	40.682660000	-77.754210000	1806.7			
T	40.682390000	-77.754570000	1818.9			
T	40.681810000	-77.754970000	1835.8			
T	40.681380000	-77.755150000	1849.5			
T	40.680650000	-77.755420000	1876.0			
T	40.680240000	-77.755640000	1888.6			
T	40.679930000	-77.755820000	1891.2			
T	40.679370000	-77.756360000	1916.4			
T	40.678670000	-77.756980000	1950.1			
T	40.678420000	-77.757300000	1953.2			
T	40.678120000	-77.757570000	1968.1			
T	40.677920000	-77.757700000	1980.7			
T	40.677660000	-77.757750000	1986.1			
T	40.677220000	-77.757750000	1997.7			
T	40.676790000	-77.757790000	2011.5			
T	40.676530000	-77.757750000	2021.6			
T	40.676250000	-77.757660000	2029.0			
T	40.675850000	-77.757480000	2039.4			
T	40.675600000	-77.757310000	2046.2			
T	40.675080000	-77.757130000	2070.1			
T	40.674960000	-77.757070000	2070.1			
T	40.674770000	-77.756900000	2079.4			
T	40.674430000	-77.756360000	2092.2			
T	40.674180000	-77.756010000	2096.7			
T	40.674020000	-77.755730000	2098.6			
T	40.673870000	-77.755410000	2099.6			
T	40.673830000	-77.755250000	2100.8			
T	40.673770000	-77.755100000	2100.8			
T	40.673720000	-77.754800000	2101.7			
T	40.673700000	-77.754400000	2105.6			
T	40.673712511	-77.753475001	2117.5			
T	40.673725015	-77.752550001	2134.2			
T	40.673737511	-77.751625001	2150.3			
T	40.673750000	-77.750700000	2161.8			
T	40.673750000	-77.750710000	2161.7			
T	40.673772511	-77.749795001	2171.9			
T	40.673795014	-77.748880001	2176.0			
T	40.673817511	-77.747965001	2181.2			
T	40.673840000	-77.747050000	2192.1			
T	40.673820000	-77.746510000	2200.3			
T	40.673650004	-77.745524997	2213.0			
T	40.673480000	-77.744540000	2226.7			
T	40.673330000	-77.743820000	2234.2			
T	40.673290000	-77.743560000	2239.0			
T	40.673300000	-77.743270000	2240.9			
T	40.673360000	-77.743010000	2244.9			
T	40.673630001	-77.742410003	2257.7			
T	40.673900000	-77.741810000	2264.3			
T	40.674320006	-77.740970011	2272.6			
T	40.674740006	-77.740130011	2277.6			
T	40.675160000	-77.739290000	2281.9			
T	40.675535008	-77.738507513	2277.9			
T	40.675910011	-77.737725018	2261.8			
T	40.676285008	-77.736942513	2261.8			
T	40.676660000	-77.736160000	2270.1			
T	40.676580000	-77.736030000	2269.3			
T	40.676460000	-77.735630000	2266.2			
T	40.676290000	-77.734780000	2257.2			
T	40.676180000	-77.734470000	2255.8			
T	40.675730000	-77.733480000	2251.0			
T	40.675670000	-77.733210000	2251.2			
T	40.675610003	-77.732359999	2250.3			
T	40.675550000	-77.731510000	2244.8			
T	40.675460002	-77.730819999	2235.2			
T	40.675370000	-77.730130000	2228.8			
T	40.675300000	-77.729680000	2221.3			
T	40.675136672	-77.728919996	2215.8			
T	40.674973338	-77.728159996	2217.1			
T	40.674810000	-77.727400000	2216.4			
T	40.674750002	-77.726664999	2210.8			
T	40.674690000	-77.725930000	2203.0			
T	40.674690000	-77.725780000	2201.6			
T	40.674740000	-77.725470000	2200.6			
T	40.675010005	-77.724395004	2197.3			
T	40.675280000	-77.723320000	2196.0			
T	40.675455003	-77.722515002	2195.6			
T	40.675630000	-77.721710000	2187.2			
T	40.675720000	-77.721130000	2187.5			
T	40.675860002	-77.720430001	2191.6			
T	40.676000000	-77.719730000	2189.8			
T	40.676190000	-77.718930000	2191.5			
T	40.676370000	-77.718270000	2192.3			
T	40.676495002	-77.717610001	2190.3			
T	40.676620000	-77.716950000	2189.3			
T	40.676740000	-77.715980000	2185.0			
T	40.676790000	-77.715750000	2185.2			
T	40.676930000	-77.715430000	2182.3			
T	40.677120000	-77.714820000	2177.2			
T	40.677240000	-77.714370000	2178.7			
T	40.677360000	-77.713600000	2179.0			
T	40.677370000	-77.713250000	2178.1			
T	40.677350000	-77.712890000	2175.8			
T	40.677275002	-77.712284999	2171.8			
T	40.677200000	-77.711680000	2161.8			
T	40.677160000	-77.711100000	2150.8			
T	40.677160000	-77.710510000	2141.1			
T	40.677180000	-77.710330000	2141.1			
T	40.677230000	-77.710140000	2135.2			
T	40.677230000	-77.710150000	2135.4			
T	40.677350000	-77.709660000	2129.6			
T	40.677380000	-77.709400000	2128.0			
T	40.677400000	-77.708990000	2126.5			
T	40.677400000	-77.708140000	2125.0			
T	40.677490000	-77.707470000	2122.4			
T	40.677540000	-77.706890000	2119.0			
T	40.677570000	-77.706080000	2114.9			
T	40.677560000	-77.705940000	2113.0			
T	40.677520000	-77.705770000	2110.0			
T	40.677193341	-77.704799991	2092.9			
T	40.676866675	-77.703829991	2072.3			
T	40.676540000	-77.702860000	2061.6			
T	40.676660000	-77.702860000	2061.6			
T	40.676730000	-77.702780000	2061.7			
T	40.676760000	-77.702690000	2061.7			
T	40.676880000	-77.701780000	2063.3			
T	40.676990000	-77.701070000	2066.9			
T	40.677100000	-77.700670000	2074.7			
T	40.677230000	-77.700310000	2081.4			
T	40.677410000	-77.699950000	2089.0			
T	40.677745001	-77.699435003	2100.3			
T	40.678080000	-77.698920000	2119.3			
T	40.678300000	-77.698650000	2127.5			
T	40.678750000	-77.698250000	2139.9			
T	40.679225001	-77.697890003	2147.0			
T	40.679700000	-77.697530000	2155.6			
T	40.680230000	-77.697220000	2168.0			
T	40.680650000	-77.697210000	2177.0			
T	40.681170000	-77.697279999	2193.8			
T	40.681690000	-77.697350000	2197.2			
T	40.681850000	-77.697260000	2192.6			
T	40.682360000	-77.696500000	2165.7			
T	40.682630000	-77.696180000	2154.9			
T	40.682900000	-77.695760000	2149.3			
T	40.682900000	-77.695770000	2149.4			
T	40.683315002	-77.695015005	2137.1			
T	40.683730000	-77.694260000	2115.5			
T	40.684060000	-77.693410000	2085.6			
T	40.684355002	-77.692830002	2063.6			
T	40.684650000	-77.692250000	2040.0			
T	40.684970000	-77.691650000	2027.3			
T	40.685300000	-77.690990000	2005.3			
T	40.685703338	-77.690246676	1984.5			
T	40.686106671	-77.689503342	1960.2			
T	40.686510000	-77.688760000	1941.0			
T	40.686790002	-77.688175002	1925.2			
T	40.687070000	-77.687590000	1910.4			
T	40.687470000	-77.686880000	1893.5			
T	40.687865002	-77.686230004	1870.5			
T	40.688260000	-77.685580000	1849.8			
T	40.688510000	-77.685220000	1839.2			
T	40.688860000	-77.684590000	1818.9			
T	40.689300000	-77.683930000	1802.1			
T	40.689710000	-77.683560000	1785.6			
T	40.690100000	-77.683170000	1768.9			
T	40.690240000	-77.683020000	1756.9			
T	40.690570000	-77.682570000	1746.5			
T	40.691210000	-77.681900000	1722.2			
T	40.691460000	-77.681680000	1712.6			
T	40.692070000	-77.681460000	1695.8			
T	40.692500000	-77.681230000	1686.2			
T	40.693250001	-77.680740006	1670.2			
T	40.694000000	-77.680250000	1656.5			
T	40.694410000	-77.680060000	1650.1			
T	40.694600000	-77.679980000	1644.9			
T	40.694840000	-77.679940000	1641.0			
T	40.695350000	-77.680110000	1633.0			
T	40.695950000	-77.680340000	1633.1			
T	40.696040000	-77.680410000	1633.1			
T	40.695500000	-77.681320000	1632.3			
T	40.695210000	-77.682220000	1625.5			
T	40.694950000	-77.683250000	1618.4			
T	40.694790000	-77.684060000	1602.2			
T	40.694690000	-77.684370000	1599.2			
T	40.694295003	-77.685155005	1585.6			
T	40.693900000	-77.685940000	1563.9			
T	40.693560002	-77.686580003	1555.5			
T	40.693220000	-77.687220000	1537.5			
T	40.693030001	-77.687770001	1539.3			
T	40.692840000	-77.688320000	1549.4			
T	40.692830000	-77.688330000	1549.6			
T	40.692710000	-77.688700000	1552.7			
T	40.692565002	-77.689375002	1553.9			
T	40.692420000	-77.690050000	1556.1			
T	40.692190000	-77.690590000	1560.2			
T	40.691990000	-77.690990000	1565.8			
T	40.691860000	-77.691500000	1569.5			
T	40.691750000	-77.692110000	1574.0			
T	40.691420000	-77.693100000	1580.6			
T	40.691270000	-77.693400000	1583.5			
T	40.690920000	-77.693770000	1589.4			
T	40.690500000	-77.694140000	1595.5			
T	40.690330000	-77.694350000	1601.0			
T	40.690230000	-77.694580000	1603.3			
T	40.690150000	-77.694940000	1603.5			
T	40.690120000	-77.695380000	1601.4			
T	40.690150003	-77.696215000	1599.4			
T	40.690180000	-77.697050000	1604.2			
T	40.690170000	-77.697980000	1608.4			
T	40.690220000	-77.698390000	1611.4			
T	40.690310000	-77.698710000	1614.5			
T	40.690440000	-77.699280000	1624.1			
T	40.690710000	-77.700220000	1637.1			
T	40.690750000	-77.700630000	1640.8			
T	40.690700000	-77.700840000	1640.8			
T	40.690430000	-77.701430000	1645.2			
T	40.690280000	-77.701880000	1649.4			
T	40.690160000	-77.702460000	1656.4			
T	40.690110000	-77.702950000	1661.9			
T	40.689990000	-77.703490000	1660.8			
T	40.689860000	-77.703970000	1659.2			
T	40.689620000	-77.704470000	1649.3			
T	40.689250000	-77.705140000	1643.4			
T	40.688760000	-77.705820000	1647.0			
T	40.688430002	-77.706445003	1649.0			
T	40.688100000	-77.707070000	1657.7			
T	40.687910000	-77.707520000	1659.4			
T	40.687810000	-77.707910000	1659.7			
T	40.687645010	-77.708787507	1655.6			
T	40.687480013	-77.709665009	1649.8			
T	40.687315010	-77.710542506	1639.8			
T	40.687150000	-77.711420000	1630.6			
T	40.687000000	-77.711860000	1624.0			
T	40.686700000	-77.712610000	1612.8			
T	40.686430000	-77.713200000	1609.7			
T	40.686200000	-77.713660000	1604.5			
T	40.685850000	-77.714580000	1593.6			
T	40.685620000	-77.715530000	1583.8			
T	40.685620000	-77.715540000	1583.7			
T	40.685510000	-77.716210000	1577.0			
T	40.685470000	-77.716960000	1570.8			
T	40.685590000	-77.717640000	1560.3			
T	40.685890000	-77.718660000	1556.4			
T	40.685990000	-77.719190000	1558.6			
T	40.686080000	-77.719470000	1567.4			
T	40.686280000	-77.719970000	1572.9			
T	40.686450000	-77.720310000	1580.6			
T	40.686550000	-77.720410000	1587.5			
T	40.686680000	-77.720500000	1589.4			
T	40.686840000	-77.720540000	1592.7			
T	40.687570000	-77.720520000	1593.5			
T	40.688300000	-77.720500000	1594.8			
T	40.689030000	-77.720513333	1591.8			
T	40.689760000	-77.720526666	1591.5			
T	40.690490000	-77.720540000	1588.1			
T	40.690740000	-77.720500000	1587.4			
T	40.690850000	-77.720450000	1586.8			
T	40.691230000	-77.720360000	1582.6			
T	40.691510000	-77.720270000	1577.0			
T	40.691650000	-77.720230000	1572.0			
T	40.691780000	-77.720180000	1567.7			
T	40.692050000	-77.720130000	1560.2			
T	40.692400000	-77.720040000	1550.2			
T	40.692500000	-77.720030000	1548.9			
T	40.692490000	-77.720030000	1548.9			
T	40.692660000	-77.720010000	1546.4			
T	40.692960000	-77.720050000	1542.0			
T	40.693310000	-77.720100000	1538.0			
T	40.693980000	-77.720140000	1528.5			
T	40.694420000	-77.720090000	1521.7			
T	40.694850000	-77.719920000	1514.2			
T	40.695140000	-77.719730000	1505.9			
T	40.695620000	-77.719270000	1498.3			
T	40.696040000	-77.718800000	1493.5			
T	40.696160000	-77.718620000	1490.4			
T	40.696330000	-77.718170000	1479.8			
T	40.696410000	-77.718030000	1478.2			
T	40.696450000	-77.717990000	1478.0			
T	40.696560000	-77.717910000	1477.7			
T	40.696910000	-77.717850000	1475.2			
T	40.697110000	-77.717770000	1470.9			
T	40.697180000	-77.717720000	1470.9			
T	40.697330000	-77.717460000	1467.2			
T	40.697460000	-77.717060000	1459.7			
T	40.697570000	-77.716520000	1443.4			
T	40.697820000	-77.715570000	1428.7			
T	40.697850000	-77.715080000	1419.3			
T	40.697790000	-77.714100000	1395.0			
T	40.697650000	-77.713040000	1383.9			
T	40.697690000	-77.712930000	1383.9			
T	40.697780000	-77.712840000	1383.5			
T	40.697860000	-77.712800000	1383.5			
T	40.697970000	-77.712770000	1383.7			
T	40.698070000	-77.712840000	1383.5			
T	40.698490000	-77.713310000	1380.1			
T	40.698660000	-77.713560000	1377.0			
T	40.698770000	-77.713740000	1375.8			
T	40.699000000	-77.714410000	1372.4			
T	40.699180000	-77.714720000	1368.9			
T	40.699260000	-77.714900000	1367.5			
T	40.699300000	-77.715040000	1364.7			
T	40.699330000	-77.715450000	1361.0			
T	40.699450000	-77.716070000	1349.7			
T	40.699460000	-77.716210000	1349.7			
T	40.699420000	-77.716560000	1347.0			
T	40.699260000	-77.717490000	1330.8			
T	40.699220000	-77.717950000	1324.0			
T	40.699250000	-77.719020000	1305.5			
T	40.699300000	-77.719910000	1284.1			
T	40.699390000	-77.720500000	1269.5			
T	40.699490000	-77.721000000	1259.8			
T	40.699550000	-77.721160000	1257.5			
T	40.699640000	-77.721300000	1252.7			
T	40.700045001	-77.721684998	1247.7			
T	40.700450000	-77.722070000	1225.1			
T	40.700950000	-77.722470000	1207.5			
T	40.701230000	-77.722620000	1197.5			
T	40.701450000	-77.722790000	1186.7			
T	40.701810000	-77.723370000	1173.0			
T	40.702030000	-77.723730000	1163.8			
T	40.702190000	-77.723950000	1161.0			
T	40.702290000	-77.724040000	1159.8			
T	40.702865001	-77.724444997	1163.8			
T	40.703440000	-77.724850000	1167.4			
T	40.704080000	-77.725240000	1167.2			
T	40.704200000	-77.725290000	1168.4			
T	40.704520000	-77.725340000	1168.4			
T	40.704650000	-77.724180000	1174.8			
T	40.704870000	-77.723040000	1181.2			
T	40.704920000	-77.722910000	1181.7			
T	40.705040000	-77.722650000	1186.4			
T	40.705190000	-77.722390000	1188.1			
T	40.705620000	-77.722020000	1191.6			
T	40.706210000	-77.721660000	1199.5			
T	40.706490000	-77.721360000	1201.0			
T	40.706800000	-77.720860000	1204.6			
T	40.707180003	-77.719965005	1213.9			
T	40.707560000	-77.719070000	1223.4			
T	40.707950000	-77.718360000	1229.6			
T	40.708180000	-77.717890000	1235.0			
T	40.708300000	-77.717010000	1241.3			
T	40.708380000	-77.716110000	1250.1			
T	40.708350000	-77.715530000	1256.0			
T	40.708270000	-77.714850000	1268.6			
T	40.708260000	-77.714230000	1276.6			
T	40.708320000	-77.713830000	1280.0			
T	40.708505001	-77.713270001	1282.3			
T	40.708690000	-77.712710000	1286.3			
T	40.708890000	-77.712390000	1283.4			
T	40.709140000	-77.712170000	1282.0			
T	40.709630001	-77.711590004	1288.1			
T	40.710120000	-77.711010000	1294.6			
T	40.710450002	-77.710290004	1299.9			
T	40.710780000	-77.709570000	1309.9			
T	40.710880000	-77.709070000	1315.6			
T	40.710930000	-77.708510000	1318.8			
T	40.710890000	-77.707550000	1328.6			
T	40.710880000	-77.706530000	1336.9			
T	40.710940000	-77.706160000	1342.9			
T	40.711160000	-77.705190000	1354.1			
T	40.711355002	-77.704430002	1366.2			
T	40.711550000	-77.703670000	1379.4			
T	40.711860003	-77.702900004	1388.0			
T	40.712170000	-77.702130000	1407.2			
T	40.712462509	-77.701317511	1417.7			
T	40.712755011	-77.700505014	1435.8			
T	40.713047509	-77.699692511	1446.0			
T	40.713340000	-77.698880000	1457.8			
T	40.713600002	-77.698205003	1470.3			
T	40.713860000	-77.697530000	1488.5			
T	40.713980000	-77.697300000	1488.5			
T	40.714130000	-77.697080000	1499.2			
T	40.714120000	-77.697080000	1499.2			
T	40.714220000	-77.696950000	1502.8			
T	40.714520000	-77.696410000	1518.8			
T	40.714880000	-77.695690000	1537.5			
T	40.715150003	-77.694850003	1551.8			
T	40.715420000	-77.694010000	1564.6			
T	40.715535002	-77.693405001	1578.5			
T	40.715650000	-77.692800000	1587.3			
T	40.715730000	-77.692740000	1588.3			
T	40.716080000	-77.692720000	1588.6			
T	40.716280000	-77.692870000	1588.3			
T	40.716500000	-77.693140000	1589.8			
T	40.716640000	-77.693410000	1593.0			
T	40.716690000	-77.693640000	1595.1			
T	40.716710000	-77.693900000	1601.8			
T	40.716680000	-77.694220000	1606.8			
T	40.716710000	-77.694710000	1618.6			
T	40.716860000	-77.695340000	1624.3			
T	40.717125002	-77.695944997	1632.9			
T	40.717390000	-77.696550000	1649.8			
T	40.717570000	-77.696810000	1657.9			
T	40.717830000	-77.697080000	1663.6			
T	40.718600000	-77.697350000	1659.4			
T	40.718970000	-77.697400000	1651.8			
T	40.719240000	-77.697440000	1648.8			
T	40.719620000	-77.697580000	1644.9			
T	40.720120000	-77.697840000	1636.6			
T	40.720440000	-77.698080000	1630.9			
T	40.720580000	-77.698270000	1626.5			
T	40.720650000	-77.698370000	1623.1			
T	40.720830000	-77.698700000	1616.5			
T	40.721040000	-77.699010000	1611.5			
T	40.721410000	-77.699410000	1604.9			
T	40.721830000	-77.699740000	1599.1			
T	40.722180000	-77.700080000	1594.0			
T	40.722370000	-77.700310000	1592.2			
T	40.722450000	-77.700460000	1591.3			
T	40.722520000	-77.700750000	1591.8			
T	40.722690000	-77.700990000	1593.6			
T	40.723090000	-77.701430000	1598.3			
T	40.723410000	-77.701650000	1606.1			
T	40.723640000	-77.701740000	1607.3			
T	40.723870000	-77.701780000	1609.2			
T	40.724720000	-77.701984997	1628.4			
T	40.725570000	-77.702190000	1636.1			
T	40.726000000	-77.702370000	1635.0			
T	40.726460000	-77.702580000	1634.3			
T	40.727030000	-77.702960000	1635.4			
T	40.727170000	-77.702950000	1633.4			
T	40.727220000	-77.702910000	1633.1			
T	40.727310000	-77.702760000	1632.5			
T	40.727480000	-77.702460000	1639.7			
T	40.727700000	-77.702280000	1650.2			
T	40.728000000	-77.702140000	1657.6			
T	40.728060000	-77.702140000	1657.6			
T	40.728470000	-77.702010000	1669.5			
T	40.728870000	-77.701690000	1676.7			
T	40.729170000	-77.701290000	1688.0			
T	40.729530000	-77.700750000	1698.1			
T	40.729820000	-77.700350000	1709.0			
T	40.730550000	-77.699730000	1741.1			
T	40.730850000	-77.699640000	1746.8			
T	40.731500000	-77.699550000	1769.8			
T	40.731740000	-77.699500000	1775.3			
T	40.731840000	-77.699410000	1775.3			
T	40.732140000	-77.698870000	1791.4			
T	40.732330000	-77.698550000	1798.0			
T	40.732920000	-77.697760000	1823.0			
T	40.733120000	-77.697530000	1828.2			
T	40.733240000	-77.697350000	1835.1			
T	40.733330000	-77.697130000	1838.6			
T	40.733606672	-77.696323340	1847.2			
T	40.733883339	-77.695516673	1852.1			
T	40.734160000	-77.694710000	1855.9			
T	40.734540004	-77.693730006	1870.6			
T	40.734920000	-77.692750000	1886.8			
T	40.735060000	-77.692520000	1892.5			
T	40.735130000	-77.692470000	1892.5			
T	40.735280000	-77.692250000	1900.7			
T	40.735500000	-77.691800000	1908.3			
T	40.735640000	-77.691620000	1909.2			
T	40.735970000	-77.691310000	1907.3			
T	40.736410000	-77.691050000	1901.3			
T	40.736500000	-77.691040000	1897.3			
T	40.736800000	-77.690860000	1895.5			
T	40.737320000	-77.690450000	1883.6			
T	40.737690000	-77.690050000	1875.5			
T	40.737920000	-77.689740000	1867.7			
T	40.738280000	-77.688980000	1856.4			
T	40.738530000	-77.688310000	1844.8			
T	40.738860000	-77.687640000	1827.1			
T	40.739210000	-77.687010000	1812.3			
T	40.739260000	-77.686880000	1811.1			
T	40.739370000	-77.686690000	1801.6			
T	40.739830000	-77.685980000	1787.6			
T	40.740060000	-77.685530000	1778.2			
T	40.740260000	-77.685070000	1771.5			
T	40.740260000	-77.685080000	1771.6			
T	40.740490000	-77.684680000	1765.0			
T	40.740800000	-77.684100000	1747.7			
T	40.741120000	-77.683290000	1737.1			
T	40.741240000	-77.683120000	1733.4			
T	40.741380000	-77.682990000	1729.6			
T	40.741770000	-77.682760000	1714.2			
T	40.742160000	-77.682400000	1700.1			
T	40.742430000	-77.681910000	1693.1			
T	40.742580000	-77.681550000	1693.8			
T	40.742780000	-77.680920000	1697.1			
T	40.743050001	-77.680380002	1695.8			
T	40.743320000	-77.679840000	1698.7			
T	40.743650000	-77.679350000	1703.1			
T	40.743810000	-77.679210000	1703.2			
T	40.743930000	-77.679040000	1703.0			
T	40.744140000	-77.678780000	1702.5			
T	40.744710000	-77.678190000	1701.9			
T	40.745280000	-77.677700000	1689.7			
T	40.745910000	-77.677120000	1666.5			
T	40.746450000	-77.676670000	1655.1			
T	40.746750000	-77.676490000	1651.9			
T	40.746950000	-77.676310000	1646.0			
T	40.747150000	-77.676210000	1641.2			
T	40.747640000	-77.675860000	1623.2			
T	40.748200000	-77.675615002	1609.0			
T	40.748760000	-77.675370000	1598.4			
T	40.748900000	-77.675270000	1596.6			
T	40.749090000	-77.675050000	1590.7			
T	40.749190000	-77.674870000	1588.4			
T	40.749410000	-77.674560000	1586.8			
T	40.749800000	-77.674210000	1581.5			
T	40.750260000	-77.674005001	1573.2			
T	40.750720000	-77.673800000	1569.7			
T	40.751120000	-77.673530000	1568.1			
T	40.751440000	-77.673180000	1567.5			
T	40.751740001	-77.672665002	1568.6			
T	40.752040000	-77.672150000	1565.5			
T	40.752330000	-77.671830000	1557.5			
T	40.752660000	-77.671520000	1549.2			
T	40.753090000	-77.671195002	1545.6			
T	40.753520000	-77.670870000	1544.3			
T	40.753930000	-77.670590000	1533.1			
T	40.754335000	-77.670330002	1528.3			
T	40.754740000	-77.670070000	1524.0			
T	40.755170000	-77.669730000	1523.7			
T	40.755320000	-77.669560000	1524.8			
T	40.755720002	-77.668970003	1520.3			
T	40.756120000	-77.668380000	1515.6			
T	40.756400000	-77.668010000	1516.0			
T	40.756830000	-77.667540000	1503.9			
T	40.757110000	-77.667400000	1500.7			
T	40.757410000	-77.667380000	1500.6			
T	40.757490000	-77.667390000	1500.6			
T	40.757580000	-77.667350000	1502.2			
T	40.757870000	-77.667130000	1503.3			
T	40.758320000	-77.666950000	1504.9			
T	40.758490000	-77.666910000	1505.2			
T	40.758680000	-77.666910000	1504.7			
T	40.759060000	-77.667060000	1501.7			
T	40.759200000	-77.667090000	1500.3			
T	40.759290000	-77.667090000	1499.0			
T	40.759520000	-77.667040000	1493.5			
T	40.759890000	-77.666860000	1487.9			
T	40.760130000	-77.666680000	1481.6			
T	40.760390000	-77.666370000	1478.7			
T	40.760530000	-77.666110000	1472.6			
T	40.760890000	-77.665350000	1464.8			
T	40.761020000	-77.665210000	1463.2			
T	40.761240000	-77.665040000	1459.0			
T	40.761330000	-77.665030000	1456.8			
T	40.761440000	-77.665060000	1455.7			
T	40.762040000	-77.665250000	1453.2			
T	40.762620000	-77.665390000	1451.2			
T	40.762940000	-77.665390000	1450.1			
T	40.763290000	-77.665340000	1447.1			
T	40.763730000	-77.665160000	1443.2			
T	40.764290000	-77.664980000	1444.3			
T	40.764490000	-77.664940000	1443.8			
T	40.764580000	-77.664940000	1443.8			
T	40.764760000	-77.664980000	1442.7			
T	40.764990000	-77.665080000	1440.9			
T	40.765600000	-77.665330000	1429.9			
T	40.766340000	-77.665700000	1420.4			
T	40.766730000	-77.665790000	1417.6			
T	40.767080000	-77.665790000	1413.2			
T	40.767520000	-77.665650000	1409.4			
T	40.767750000	-77.665480000	1409.0			
T	40.767870000	-77.665290000	1408.0			
T	40.767940000	-77.665120000	1407.3			
T	40.768040000	-77.664710000	1404.5			
T	40.768110000	-77.664540000	1404.5			
T	40.768280000	-77.664220000	1402.5			
T	40.768350000	-77.664180000	1400.3			
T	40.768450000	-77.664130000	1400.3			
T	40.768820000	-77.664180000	1397.9			
T	40.769340000	-77.664390000	1393.5			
T	40.769560000	-77.664440000	1388.5			
T	40.769800000	-77.664450000	1386.0			
T	40.769960000	-77.664410000	1384.6			
T	40.770080000	-77.664360000	1383.7			
T	40.770680000	-77.663910000	1381.9			
T	40.771090000	-77.663630000	1376.4			
T	40.771190000	-77.663560000	1371.9			
T	40.771280000	-77.663550000	1371.9			
T	40.771360000	-77.663560000	1369.9			
T	40.771430000	-77.663600000	1369.9			
T	40.771775001	-77.664024998	1362.6			
T	40.772120000	-77.664450000	1352.5			
T	40.772410000	-77.664850000	1349.4			
T	40.772650000	-77.665260000	1353.5			
T	40.772830000	-77.665510000	1360.7			
T	40.772950000	-77.665610000	1364.4			
T	40.772950000	-77.665600000	1364.2			
T	40.773520000	-77.666010000	1368.2			
T	40.774050000	-77.666450000	1350.4			
T	40.774160000	-77.666550000	1346.2			
T	40.774340000	-77.666830000	1339.4			
T	40.774560000	-77.667260000	1335.9			
T	40.774720000	-77.667450000	1333.3			
T	40.774990000	-77.667710000	1330.1			
T	40.775380000	-77.668190000	1329.6			
T	40.775310000	-77.668300000	1329.5			
T	40.775240000	-77.668480000	1330.3			
T	40.774960000	-77.669330000	1338.6			
T	40.774820000	-77.669830000	1344.0			
T	40.775493335	-77.670293324	1336.9			
T	40.776166668	-77.670756657	1324.0			
T	40.776840000	-77.671220000	1316.6			
T	40.777240000	-77.671470000	1311.2			
T	40.777695000	-77.671739998	1301.8			
T	40.778150000	-77.672010000	1290.7			
T	40.778500000	-77.672240000	1286.1			
T	40.778680000	-77.672440000	1283.7			
T	40.778240010	-77.673198020	1281.7			
T	40.777800015	-77.673956030	1277.9			
T	40.777360015	-77.674714030	1277.1			
T	40.776920010	-77.675472020	1286.2			
T	40.776480000	-77.676230000	1296.4			
T	40.776140000	-77.676800000	1288.6			
T	40.776010000	-77.676980000	1283.6			
T	40.775880000	-77.677120000	1281.8			
T	40.775590000	-77.677340000	1280.1			
T	40.775050000	-77.677540000	1275.0			
T	40.774495000	-77.677725002	1263.9			
T	40.773940000	-77.677910000	1261.2			
T	40.773640000	-77.678020000	1260.6			
T	40.773480000	-77.678150000	1260.1			
T	40.773240000	-77.678390000	1258.5			
T	40.773230000	-77.678390000	1258.6			
T	40.773170000	-77.678460000	1258.1			
T	40.772715001	-77.679045004	1257.7			
T	40.772260000	-77.679630000	1260.8			
T	40.772150000	-77.679890000	1261.6			
T	40.772120000	-77.679970000	1261.6			
T	40.772120000	-77.679980000	1261.6			
T	40.772020000	-77.680340000	1261.2			
T	40.772530000	-77.680580000	1248.4			
T	40.772330000	-77.681400000	1247.8			
T	40.772530000	-77.680580000	1248.4			
T	40.772020000	-77.680340000	1261.2			
T	40.771950000	-77.680610000	1262.2			
T	40.771890000	-77.680740000	1262.2			
T	40.771880000	-77.680740000	1262.2			
T	40.771800000	-77.680920000	1262.2			
T	40.771300000	-77.681780000	1261.5			
T	40.771290000	-77.681780000	1261.4			
T	40.771100000	-77.682130000	1260.5			
T	40.770950000	-77.682350000	1260.4			
T	40.770310002	-77.683025006	1260.3			
T	40.769670000	-77.683700000	1258.3			
T	40.769160000	-77.684420000	1257.0			
T	40.769090000	-77.684620000	1256.9			
T	40.769350000	-77.685450000	1257.5			
T	40.769570000	-77.686060000	1264.3			
T	40.769850000	-77.686470000	1274.7			
T	40.770150000	-77.686750000	1281.0			
T	40.770550000	-77.687060000	1284.3			
T	40.771020000	-77.687390000	1294.1			
T	40.771360000	-77.687640000	1301.8			
T	40.771400000	-77.687720000	1301.8			
T	40.771390000	-77.687860000	1303.4			
T	40.771290000	-77.688120000	1307.3			
T	40.770970000	-77.688760000	1322.0			
T	40.770620000	-77.689520000	1332.4			
T	40.770315008	-77.690315011	1335.7			
T	40.770010011	-77.691110015	1324.9			
T	40.769705008	-77.691905011	1318.7			
T	40.769400000	-77.692700000	1323.3			
T	40.769110000	-77.693590000	1344.1			
T	40.768950000	-77.693940000	1351.1			
T	40.768495002	-77.694615005	1375.4			
T	40.768040000	-77.695290000	1394.0			
T	40.767685001	-77.695715002	1398.7			
T	40.767330000	-77.696140000	1394.8			
T	40.767130000	-77.696410000	1391.8			
T	40.766750000	-77.697080000	1384.3			
T	40.766540000	-77.697400000	1375.8			
T	40.766290000	-77.697670000	1367.1			
T	40.766030000	-77.697840000	1357.2			
T	40.765880000	-77.697850000	1355.2			
T	40.765530000	-77.697840000	1348.2			
T	40.765120000	-77.697930000	1331.9			
T	40.764980000	-77.697930000	1328.9			
T	40.764820000	-77.697890000	1323.2			
T	40.764620000	-77.697740000	1320.5			
T	40.764510000	-77.697840000	1317.3			
T	40.764020000	-77.698470000	1314.8			
T	40.763920000	-77.698650000	1313.9			
T	40.763860000	-77.698880000	1313.8			
T	40.763840000	-77.699280000	1315.2			
T	40.763770000	-77.699640000	1318.2			
T	40.763550000	-77.700350000	1322.5			
T	40.763340000	-77.700930000	1324.9			
T	40.763270000	-77.701060000	1325.2			
T	40.763270000	-77.701070000	1325.2			
T	40.762980001	-77.701630003	1328.9			
T	40.762690000	-77.702190000	1329.5			
T	40.762340000	-77.702680000	1335.3			
T	40.762250000	-77.702870000	1337.3			
T	40.762050000	-77.703750000	1339.2			
T	40.761805001	-77.704340002	1342.6			
T	40.761560000	-77.704930000	1349.3			
T	40.761480000	-77.705230000	1355.8			
T	40.761410000	-77.705850000	1366.4			
T	40.761290000	-77.706310000	1367.3			
T	40.761170000	-77.706580000	1366.4			
T	40.760790000	-77.707650000	1361.4			
T	40.760680000	-77.707830000	1361.4			
T	40.760420000	-77.708450000	1365.8			
T	40.760340000	-77.708680000	1367.6			
T	40.760320000	-77.708820000	1367.6			
T	40.760200000	-77.709350000	1379.0			
T	40.760040000	-77.709840000	1382.1			
T	40.759920000	-77.710120000	1393.8			
T	40.759790000	-77.710370000	1395.7			
T	40.759560000	-77.710650000	1400.2			
T	40.759240000	-77.711010000	1401.4			
T	40.758880000	-77.711350000	1404.8			
T	40.758470000	-77.711810000	1401.7			
T	40.758006669	-77.712356674	1406.3			
T	40.757543336	-77.712903341	1421.5			
T	40.757080000	-77.713450000	1438.3			
T	40.756860000	-77.713750000	1442.4			
T	40.756620000	-77.714130000	1443.2			
T	40.756380000	-77.714410000	1442.9			
T	40.755956669	-77.714976674	1442.3			
T	40.755533336	-77.715543340	1447.6			
T	40.755110000	-77.716110000	1448.3			
T	40.754600000	-77.716870000	1448.1			
T	40.754090000	-77.717500000	1449.1			
T	40.753790000	-77.717810000	1448.8			
T	40.753640000	-77.717900000	1449.4			
T	40.753270000	-77.718070000	1456.7			
T	40.753260000	-77.718070000	1456.8			
T	40.753090000	-77.718170000	1458.7			
T	40.752810000	-77.718530000	1458.0			
T	40.752490000	-77.719200000	1463.1			
T	40.752310000	-77.719660000	1466.8			
T	40.751955002	-77.720315004	1469.6			
T	40.751600000	-77.720970000	1483.7			
T	40.751350000	-77.721390000	1491.9			
T	40.750990000	-77.722070000	1499.3			
T	40.750890000	-77.722240000	1500.3			
T	40.750770000	-77.722390000	1502.5			
T	40.750550000	-77.722600000	1507.0			
T	40.750200000	-77.723090000	1509.7			
T	40.749705003	-77.723900006	1510.2			
T	40.749210000	-77.724710000	1521.4			
T	40.749120000	-77.724890000	1522.5			
T	40.748810000	-77.725650000	1524.6			
T	40.748700000	-77.726010000	1528.9			
T	40.748530000	-77.726450000	1535.7			
T	40.748325002	-77.727100002	1553.6			
T	40.748120000	-77.727750000	1568.5			
T	40.747780007	-77.728656676	1579.5			
T	40.747440007	-77.729563343	1589.3			
T	40.747100000	-77.730470000	1591.6			
T	40.746855001	-77.731060002	1591.8			
T	40.746610000	-77.731650000	1599.7			
T	40.746490000	-77.732000000	1603.6			
T	40.746290000	-77.732460000	1612.3			
T	40.745910000	-77.733480000	1622.0			
T	40.745560000	-77.734280000	1624.1			
T	40.745430000	-77.734510000	1621.1			
T	40.745250000	-77.734690000	1618.1			
T	40.744840000	-77.734910000	1602.6			
T	40.744600000	-77.734910000	1596.6			
T	40.744430000	-77.734870000	1591.5			
T	40.744000000	-77.734690000	1587.4			
T	40.743600000	-77.734470000	1592.4			
T	40.743180000	-77.734380000	1601.0			
T	40.742780000	-77.734420000	1619.3			
T	40.742620000	-77.734510000	1625.7			
T	40.742350000	-77.734690000	1639.9			
T	40.742150000	-77.734870000	1647.5			
T	40.741785002	-77.735475003	1669.8			
T	40.741420000	-77.736080000	1698.6			
T	40.741145002	-77.736710003	1714.4			
T	40.740870000	-77.737340000	1737.1			
T	40.740580000	-77.737940000	1758.6			
T	40.740390000	-77.738230000	1765.1			
T	40.740170000	-77.738490000	1775.4			
T	40.739710000	-77.738900000	1798.7			
T	40.739560000	-77.739120000	1805.0			
T	40.739420000	-77.739430000	1819.7			
T	40.739220003	-77.740195002	1840.5			
T	40.739020000	-77.740960000	1866.0			
T	40.738910000	-77.741320000	1877.7			
T	40.738810000	-77.741580000	1882.0			
T	40.738660000	-77.741760000	1891.0			
T	40.738150000	-77.742610000	1911.2			
T	40.737750000	-77.743140000	1917.0			
T	40.737570000	-77.743500000	1915.9			
T	40.737078012	-77.744328025	1908.3			
T	40.736586018	-77.745156037	1895.4			
T	40.736094018	-77.745984037	1871.1			
T	40.735602012	-77.746812025	1849.6			
T	40.735110000	-77.747640000	1834.2			
T	40.734970000	-77.747940000	1832.5			
T	40.734690000	-77.748650000	1829.4			
T	40.734435003	-77.749445003	1824.0			
T	40.734180000	-77.750240000	1824.6			
T	40.734180000	-77.750250000	1824.7			
T	40.733933338	-77.751000006	1830.9			
T	40.733686671	-77.751750006	1836.3			
T	40.733440000	-77.752500000	1843.6			
T	40.733360000	-77.752860000	1845.3			
T	40.733330000	-77.753140000	1845.6			
T	40.733285003	-77.753985001	1844.9			
T	40.733240000	-77.754830000	1837.0			
T	40.733260000	-77.754930000	1837.0			
T	40.733510000	-77.755240000	1846.4			
T	40.733780000	-77.755430000	1854.6			
T	40.734120000	-77.755690000	1861.6			
T	40.734240000	-77.755730000	1861.3			
T	40.734390000	-77.755730000	1859.7			
T	40.735030000	-77.755460000	1854.7			
T	40.735320000	-77.755240000	1857.9			
T	40.735580000	-77.754890000	1869.0			
T	40.735860000	-77.754580000	1871.9			
T	40.736030000	-77.754480000	1873.5			
T	40.736530000	-77.754210000	1875.7			
T	40.736780000	-77.754070000	1875.9			
T	40.737450000	-77.753360000	1887.9			
T	40.737760000	-77.753130000	1889.9			
T	40.737880000	-77.753050000	1890.1			
T	40.738190000	-77.752920000	1886.4			
T	40.739040000	-77.752690000	1874.0			
T	40.739830000	-77.752560000	1870.5			
T	40.740090000	-77.752500000	1870.1			
T	40.740210000	-77.752420000	1870.1			
T	40.740320000	-77.752330000	1870.5			
T	40.740620000	-77.751890000	1872.6			
T	40.740880000	-77.751570000	1871.8			
T	40.741500000	-77.751070000	1865.3			
T	40.741640000	-77.750850000	1862.2			
T	40.741700000	-77.750760000	1861.4			
T	40.742110000	-77.749960000	1858.8			
T	40.742290000	-77.749690000	1857.5			
T	40.742510000	-77.749510000	1856.3			
T	40.742820000	-77.749280000	1853.4			
T	40.743110000	-77.748970000	1850.5			
T	40.743420000	-77.748530000	1847.8			
T	40.744010002	-77.747815006	1834.0			
T	40.744600000	-77.747100000	1818.8			
T	40.744850000	-77.746780000	1815.1			
T	40.745355003	-77.745955006	1806.2			
T	40.745860000	-77.745130000	1794.6			
T	40.746185001	-77.744630003	1788.7			
T	40.746510000	-77.744130000	1786.2			
T	40.746970002	-77.743480004	1776.0			
T	40.747430000	-77.742830000	1764.6			
T	40.747690000	-77.742480000	1761.4			
T	40.748060000	-77.742070000	1751.6			
T	40.748540000	-77.741560000	1745.8			
T	40.748780000	-77.741320000	1744.8			
T	40.749000000	-77.741140000	1742.3			
T	40.749570000	-77.740740000	1732.2			
T	40.750320000	-77.740410000	1716.1			
T	40.750600000	-77.740240000	1710.4			
T	40.751030001	-77.739900002	1700.0			
T	40.751460000	-77.739560000	1691.5			
T	40.752200000	-77.739000000	1676.3			
T	40.752410000	-77.738810000	1673.6			
T	40.752780000	-77.738590000	1666.5			
T	40.753210000	-77.738260000	1657.6			
T	40.753555001	-77.737865002	1652.8			
T	40.753900000	-77.737470000	1643.6			
T	40.754230000	-77.737190000	1640.0			
T	40.754980000	-77.736670000	1629.1			
T	40.755260000	-77.736520000	1621.2			
T	40.755870000	-77.736030000	1612.6			
T	40.756120000	-77.735770000	1608.3			
T	40.756640000	-77.734900000	1601.3			
T	40.757470000	-77.734600000	1594.3			
T	40.758115000	-77.734290003	1587.2			
T	40.758760000	-77.733980000	1578.6			
T	40.758940000	-77.733940000	1577.1			
T	40.759410000	-77.733940000	1573.3			
T	40.759870000	-77.733880000	1568.5			
T	40.760140000	-77.733740000	1565.8			
T	40.760890000	-77.733270000	1562.7			
T	40.760990000	-77.733240000	1562.6			
T	40.761100000	-77.733260000	1563.2			
T	40.761700000	-77.733710000	1552.2			
T	40.762320000	-77.734250000	1541.8			
T	40.762790000	-77.734700000	1533.8			
T	40.762980000	-77.734960000	1530.2			
T	40.763260000	-77.735490000	1525.7			
T	40.763560000	-77.736220000	1516.8			
T	40.763890000	-77.736800000	1512.1			
T	40.764400000	-77.737500000	1503.8			
T	40.764500000	-77.737700000	1503.3			
T	40.764520000	-77.738020000	1502.6			
T	40.764480000	-77.739000000	1495.2			
T	40.764500000	-77.740060000	1485.2			
T	40.764580000	-77.740650000	1481.8			
T	40.764650000	-77.741000000	1481.1			
T	40.764800000	-77.741550000	1488.9			
T	40.764850000	-77.741850000	1486.7			
T	40.764833340	-77.742716667	1470.2			
T	40.764816673	-77.743583334	1465.2			
T	40.764800000	-77.744450000	1459.0			
T	40.764750000	-77.744820000	1458.0			
T	40.764580000	-77.745790000	1456.5			
T	40.764480000	-77.746560000	1453.2			
T	40.764440000	-77.747100000	1443.4			
T	40.764360000	-77.747680000	1436.9			
T	40.764350000	-77.747680000	1436.9			
T	40.764230000	-77.748570000	1430.8			
T	40.764070000	-77.749060000	1428.1			
T	40.763810000	-77.749420000	1426.4			
T	40.763490000	-77.749780000	1422.4			
T	40.763280000	-77.750180000	1419.3			
T	40.763220000	-77.750440000	1415.1			
T	40.763200000	-77.750710000	1412.8			
T	40.763200000	-77.751300000	1409.1			
T	40.763150000	-77.751710000	1407.0			
T	40.763050000	-77.752030000	1403.8			
T	40.763060000	-77.752150000	1403.0			
T	40.763220000	-77.752600000	1402.4			
T	40.763230000	-77.752690000	1402.2			
T	40.763210000	-77.752920000	1400.6			
T	40.763020002	-77.753545002	1391.0			
T	40.762830000	-77.754170000	1385.3			
T	40.762740000	-77.754550000	1381.0			
T	40.762730000	-77.754800000	1377.1			
T	40.762740000	-77.755000000	1374.9			
T	40.762800000	-77.755420000	1369.8			
T	40.762840000	-77.755500000	1369.8			
T	40.763060000	-77.755590000	1366.5			
T	40.763700000	-77.755740000	1354.8			
T	40.764090000	-77.755840000	1348.6			
T	40.764500000	-77.756000000	1340.0			
T	40.764640000	-77.756090000	1337.2			
T	40.764900000	-77.756320000	1330.6			
T	40.765190000	-77.756720000	1326.7			
T	40.765300000	-77.756780000	1326.5			
T	40.765460000	-77.756790000	1326.4			
T	40.766200000	-77.756720000	1326.1			
T	40.766440000	-77.756670000	1328.0			
T	40.766970000	-77.756440002	1331.4			
T	40.767500000	-77.756210000	1334.1			
T	40.768170000	-77.755950000	1338.2			
T	40.768680000	-77.755640000	1340.5			
T	40.768930000	-77.755540000	1339.4			
T	40.768960000	-77.755910000	1330.3			
T	40.769010000	-77.756180000	1322.9			
T	40.769110000	-77.756540000	1319.5			
T	40.769340000	-77.757260000	1301.4			
T	40.769470000	-77.757580000	1297.2			
T	40.769610000	-77.757880000	1295.6			
